4

5
0 6 15 2 6
6 0 9 8 12
15 9 0 16 18
2 8 16 0 4
6 12 18 4 0

3
0 2 2
2 0 2
2 2 0

8
0 1 6 17 26 13 7 16
1 0 5 16 25 12 7 15
6 5 0 21 21 8 12 11
17 16 21 0 41 28 23 31
26 25 21 41 0 13 32 10
13 12 8 28 13 0 19 3
7 7 12 23 32 19 0 22
16 15 11 31 10 3 22 0

3
0 1 3
1 0 1
3 1 0
